2.4284750417957839
3.1170403522784098
1.9541425617176729
1.7020482467946456
2.8660768390317872
1.9962460237512136
3.1439126063142506
1.4994635049270888
1.6233281929839807
1.9124572865501979
2.4884189188985988
3.0060300898427221
2.7195372474671502
1.6659047691892375
1.6165607018545358
2.3709374792616904
1.1995483006415648
2.5703603935571540
3.3219037302275534
1.2954577199233424
3.2035956776814998
1.2849577944696540
1.7291923626545773
3.2300433453604187
1.3575075142898896
1.7227295476594739
1.3156966909529302
2.2882416743730918
1.7548306189186935
2.9480261847038935
1.8585363684619416
1.0189217765113234
1.8595630176066473
2.7189383197293915
1.6893486074011468
2.4557026760398699
1.6394599945050006
2.2165435134510219
2.7649214981982144
2.9734409923794325
2.6931380356296022
0.7585091070789243
2.8915378039855595
1.9453217917559051
2.7926750472404738
3.1007015898945487
2.0734184027193994
2.3696626384526143
2.2292280579328647
2.6194578758370937
1.5572518336412644
2.4111810931411575
2.4426707033989348
1.9007868237041388
1.5857751477150586
2.8294124906868188
1.8859708507001571
2.4272976570641416
2.0637231869302082
0.6085561969162919
1.7310740594868277
2.9731247773670835
1.6987351069407746
0.7936658488465820
1.0119084008423782
2.2739251971987673
2.2992337847076145
1.5088757160360280
0.4624225092360964
2.4433256231056113
1.4980537381282613
1.6065650374550808
2.6543157680457754
2.3334184794536137
2.6438671648311796
2.5140328495694049
1.2522719423205262
2.5302399696847431
2.0852946990732648
2.4011851416653078
1.7919181913465871
0.4965915720776697
2.7903404784452834
2.1067513007381766
2.3520467884295937
1.4038426607622403
2.1734426691226991
2.5914669359213964
1.7415061708483515
2.8493896581774174
1.8970039921031896
2.3379092631756833
2.1560034633614942
2.1329100663515113
1.9024162757950069
1.8251649727518193
0.0378067043371541
1.4074173152357101
3.0250836789415696
3.2044495911585105
0.3530706124134933
2.1274212032429034
2.1311410615556396
2.3337102456083167
1.9446465675847162
2.1003061200453041
2.5385991838871034
2.2078536387533685
2.5076085319596624
1.9553820764802616
1.6507410294827241
1.9645489756071557
0.7026962779945127
2.6966685909885908
2.4697790929348447
3.0776303624727483
0.0025969995512916
2.4838742285225428
1.8917265142129764
0.6994970166591621
3.0698788181854844
2.9195550401771357
0.0296757364380553
1.2060215480586447
2.3936265511186572
1.9678824464607503
2.6488658063268771
2.0287268811208632
2.4421146881868414
1.5990676486499624
0.7178851606019917
2.8239396403187276
0.7955426274642320
2.6820662508665576
2.0148430245643709
2.6924421146389741
1.6048544838611372
1.9249774999230376
2.5172883398950079
1.8370299700368062
1.0880043732554485
2.4069789927875509
2.6011211276145070
2.3172549043714761
1.1815280121029101
2.1118798609126253
1.9092720104058685
3.5219892753680302
2.2213313559052708
1.3405199293084156
3.5272553651413761
1.7955451081331388
3.0057312029490584
1.9708632188267576
1.0090872988065585
2.0948889954659990
2.0884213973448285
3.0280419068835691
1.9792918530060886
0.2131779542006929
1.0188288601950068
2.3556081480863811
2.6626689653529989
1.7289744035496917
1.5235175250485449
2.6303123334357674
2.2388087916772577
1.8884569002866323
1.7907627619852469
1.5721854643023578
2.4392138550457942
3.1153059099752918
0.2651541372681425
2.5199977168180054
1.1645758472737087
2.4782068064967038
2.5746957577658653
2.1389112697303982
2.0867298729420436
2.3146854111881812
2.2202533074069541
1.9504224814025244
2.3207751891830330
1.9556684855563042
2.0658035175347198
1.7756543985723663
1.8306197745270256
1.5172471638497087
1.7777293186282732
2.0775727800946551
1.9101103918739479
1.9030295022911563
1.8748142056512977
1.9806220191263577
1.9584252398773199
2.2236544682824775
1.8587072812044989
2.3249226603075432
1.3386710309605281
1.4012815465917403
2.1582996358214763
1.4619788100434263
2.2388807606005838
1.7308717402317140
1.4752018920355774
1.6982929824442654
0.4901251937033264
1.7002761380693361
2.2047175992506731
1.8865706053025815
1.5797518808036459
2.0816954215559837
2.3464769453185443
1.5101365318238686
2.0522670623181347
2.2501514471006492
1.9838583790012188
2.1273445032688958
1.9350754315951606
1.7733544371433185
1.9057749358345355
2.0873010898874864
2.4294465096242708
1.5676107997012863
2.2465933822181086
1.6539187966403532
1.6977370512880687
1.9928741994856887
2.2945772840963183
1.7293610813717388
2.0205965623276652
2.1449068141651502
1.5255045217487102
