36.5172223361777310	-5.6513885189289308	26.9799835164560660
35.4546880979039120	-5.2236952333315383	28.9040957535763350
30.7068893207504840	-4.6255582669470243	27.9174919367546900
30.4831185539010860	-6.9594352598959457	27.6127842669455210
31.5187104506021110	-7.8605772226642507	26.3651613661748070
28.4153180827128650	-1.8741423211893133	25.2919044189446500
28.5507425127501580	-3.3013106069888183	32.1771018271590710
22.3806121559417020	-3.6277262834427515	32.2541133505517830
22.1801114817174640	-4.6589361055440701	30.1169612950019180
20.4671950897346380	-3.8590847719693988	30.3446824006630860
22.3399433079066120	-4.9073163716882995	29.2585730968575710
23.0037843505444890	-0.6329876915773941	34.7447038033381550
23.7782069116916230	-2.2290301810948994	34.4610850992484930
22.6732386996768620	0.3448963721331876	34.0811191026537940
18.5992593214704630	-5.3856049048497283	34.8319695194066630
18.8925445882499900	-6.3417982242783104	34.3175062696478220
18.4214757068949280	-6.6492540850945723	33.4377895560781790
18.1143681443506000	-7.8414274110467943	33.2691870346303490
15.1002824186224400	-0.0150567004203731	35.5560640785685390
12.7624246142633290	-3.7392397399154937	36.1363284313935510
12.1014336891590930	-3.5562214665417504	37.6146886133246810
12.2294497273521240	-4.1903901674957726	38.8398581245175270
12.4595653400930950	-4.7788713856329776	40.8867823528492450
10.8732484308592810	0.3630262630555563	34.2895742497337680
12.1934509802556120	1.1694075052474069	34.0993400500953000
17.0090989538126320	-1.0431073414768501	30.9957060034880600
16.6884602043238030	-5.0057608285966362	30.3588930799508000
20.1752994075605830	2.9000909883852235	31.8378024211385690
23.3316811700153050	1.0249881262952538	28.6278038262187560
21.2053612007814960	-1.0601641666200081	24.5193683302188990
20.5463217924069500	-2.0128111398290516	24.1478752129503500
20.0461624809296350	-1.9101312881128789	23.2449647249246670
27.5761404387137750	2.2693960543211542	29.8129734602631980
27.9575307824615250	4.3942338845598199	31.3554594221339440
29.3270542788556450	3.8733380201447254	30.0796602355556640
26.3585200892049050	3.2036513031299716	25.2304112688374790
25.6511813127198670	2.4948065709679175	26.1754485922066390
31.8385502938723700	3.6920378736684629	25.5300799427695710
34.1456162772984730	2.7540510821384236	29.3636692127383900
33.1936924978987800	3.5233363345513453	21.0121068121914720
33.4700718708836220	2.8156617897320593	19.7975885793696520
31.2969989028068410	7.2579728057815007	24.7210220769450260
29.0112815870676570	6.5785211320268182	23.4239383733119340
29.2613236316705570	7.4453674547038631	28.3688939933608070
27.1725116163958770	6.4984074102493397	28.1266512579943500
37.0852900636394270	6.1798759343079679	26.0334138809334200
37.0167717438755940	3.6021185501054185	24.8413599416780360
35.1025114289018210	9.4465256950518253	23.3857840040336030
34.2196850324849820	9.3828491739173057	21.1109852282402490
33.7186261858182730	9.9387331864375703	19.8252955429225150
33.7653135483972950	8.1680197224415512	17.7051257111472470
30.7485046344364400	11.8384244444487230	24.7170214081960040
33.1729529953443390	12.1260872295941940	29.1591276200541000
33.5613788755329520	11.6911728248301490	30.4245813931875480
31.3015887455588420	11.4881199006764040	29.1959870339792360
37.9323951717624870	13.3822262510828680	26.4858970396825660
36.5803359521635730	13.9712216647987600	26.2986041218905130
37.5929843989556860	13.1770513952537310	30.9607349332502860
38.3437471411792640	14.3216756585658280	33.2869498199778280
38.0437633891592810	9.7874261716667839	32.7852069874596450
37.7054945779085240	10.0832289303395970	34.1745086726125610
38.9922172808716350	8.9055540132444797	32.3958929120161160
39.7630722407993820	9.1382258681824329	30.4728060551444140
39.3139663901277100	11.4403458916860220	36.5392266549085250
40.3545576592362490	11.4346165722832220	36.7331178897287320
41.2809881086457300	11.8169037811436440	37.5342775934323780
41.5779215353659450	11.8629869809157340	38.2429752996639610
41.9868928177786960	12.4289548793324020	39.6970060448448760
34.9901812438457260	11.6497516552530930	35.9002633170754140
33.9848615254836800	10.4604631067632320	36.6379010553470220
33.0652689503859780	13.6278693711155510	35.5648329399161010
32.6905018537676850	16.1445994173531420	34.5283469062163420
32.8919201479755190	16.0059984331294200	36.1218324679740950
33.9714733445160350	7.0603386070588154	35.9186148457795510
32.7781136517434960	7.5987851226116110	34.5587248441457930
38.2159599984350250	5.1425884716298338	35.9167104530017480
37.7264869125832760	4.9086622430624747	34.6290005760234440
36.4344964567845220	3.4019906165061697	34.2038024991879080
37.1348387785774610	4.0906581178938008	34.4093305176227280
38.8006472025388760	7.2994777349292086	40.3694938756142750
40.7437093264250550	7.2577889169765903	39.4903091460965070
41.7539604612460740	6.2595697888940967	39.0989284536220860
43.1328127056588930	7.1339833402449582	38.6077879817640830
36.8792297659260480	7.8989384264564837	42.0054548630188900
37.7673324225154730	6.1614959183982778	43.0583187422058770
34.8212210349958940	9.2194038623890329	40.3019767133224110
34.6399529560200180	11.2961442912654240	40.6982539991164670
37.6382994091441890	6.2515519168376503	45.8837911796550910
34.3463130177396890	3.7133295352169542	47.5774609870054090
36.9246957336848780	2.4295025189825563	48.2074984570961650
32.6380098582244570	2.7345937040588022	47.2863261565191240
31.4624039112411790	3.0426271365433029	45.8401813279889860
31.9247438868402540	3.9599569523929454	42.9492288513598550
31.0891658899156660	5.8276479861931580	43.8645148375751930
31.7723973529662120	8.0867918065165973	43.8062125429935210
31.1562782446458510	9.0024831923136261	43.6088973506930060
30.9990755644651410	-1.1505146700040294	42.7583336498720640
31.6719159833028140	-1.4292733828196695	42.3623441433295510
30.5815254697812760	-1.9895984031857610	42.2897043415918500
32.7357598396793750	-1.5696399332152868	42.5041672927053260
28.1402640654023880	-0.4205219408103429	46.1652275876225320
27.2831814854381920	0.9430413174191492	46.2247199725034360
29.0952729245175060	-1.3492986789410306	47.6423461076858960
30.2944476865724890	-1.6763580341198543	48.5278297431364080
29.5774191928043780	-2.1701433132088037	49.8955526977129010
26.5991733261401040	2.5104390039159421	46.4444260626950580
25.5150826333993980	3.2832604605780933	39.2814546885904430
21.5220920488844210	2.7528431560145954	42.3247671007697970
17.0094596250246930	4.8953563568921146	41.3364867804804560
16.1671138305880580	5.1154963482839415	40.7824092073563520
13.7621800364273720	5.3472854465154764	41.4346381296261800
13.4162696962571780	5.9873551798740463	41.6103485530544790
19.6161542917849410	7.8365984059990401	44.2139973935747790
18.8524684476849100	7.7589319186836825	45.1197097975325790
18.9081124294398960	7.5203726482645807	47.2567975237766400
24.4138994602407880	7.5227001930014081	42.6309636708654270
25.0102609114160930	8.7027761933172894	42.6578578401251180
20.9278021041049410	5.5771055134434899	37.6071946077841660
19.6620286015400940	10.1956473662744110	38.1806115289097010
15.1647141023335660	7.4860346770095507	38.0497291637884420
15.6368361802452260	6.9770995276955938	37.0667728083688670
21.4821987345808410	11.7753038597922810	39.6079046292921430
25.8298910091587890	10.9913775027737500	38.3992926297024650
25.4629632641316090	13.8191617409237080	40.3299114350200370
27.5783057759581030	13.1002692970234570	41.2313037515216790
28.9857840852062020	12.7441411616034320	43.0374953107786600
26.0712066224604410	9.1979181860493391	37.5167173183860920
23.1896269121420350	11.0133135865389060	34.7646584874874090
23.1700804752984550	7.5576345946933774	34.0999171483123430
23.4396512253714700	6.8674184786448276	35.3526497812259920
19.5843553474148990	11.2627186643471810	34.4011250005385280
17.3241786518663010	12.0757039244690280	34.7116321596614410
22.8749289421454730	14.3867218126047320	35.3227601724382150
26.8371836681634550	13.4666324913247630	33.3500648609331450
27.7196090854501630	14.1923006917895350	32.4992837657213800
24.3679497535249290	10.8693268489451870	29.7949012385496240
22.5791830244214320	10.1362663915692860	29.8609487704009200
21.4255084243565510	17.3617694227522000	32.6076486525318640
19.1737352513505210	16.9949236941621930	33.4919153086990140
20.2191773445855070	16.4077502376565190	35.1753885780105830
25.5852517652580150	19.5157251018217650	31.1843972761538350
26.2857554740747830	19.2464043227295360	32.6469279997356240
25.3128420472303510	18.4354703119215910	35.2260998008674090
24.0155276096064620	20.6283528202582540	35.4274925666547280
26.6678286755030530	18.2490567758927750	29.3555999094100490
27.7373538528363320	17.4088900443140490	29.5066858335126480
28.3535313756911300	16.5019409122130300	29.7701376013872190
23.6723552776600030	20.4913644444281890	26.8453504353162590
22.3875241770511270	23.4772797345702560	29.4428735337851570
25.1050198079842170	14.7005010845442840	23.2860532626841450
25.9513022411488520	15.0427333008458280	22.6590872880623910
26.8863976889836670	14.5780359737306180	20.0901770629536110
22.9235645444413900	11.8000969064275460	26.4148308950966890
20.3969702481266740	9.0022441060023279	27.2516855758294660
15.9862418168888530	11.6708593414251660	29.8976845186132930
17.4026819059223500	13.4666260418010390	29.4199037534235260
19.0825536705548410	13.9758316467932460	29.5870510449224180
12.4076672834715950	13.8903629705443360	27.5510839684680530
12.5385309227971130	15.6995130931925700	28.1914023359057780
12.8644850562202590	7.5989203422544565	30.3275775900651080
13.2480094154907150	6.4894884574741107	29.4734744292822590
12.2921633808807580	7.9023097967329523	31.0775487491383520
10.3929163680189140	7.9520240842704242	31.6000797293190350
12.7097002388189610	5.2052429276233951	27.7922906192171940
13.7787490731828440	5.9330817977942800	26.3894908271159920
15.2380152813581620	9.2808338905639118	24.3650652780164130
16.1050937829655570	3.4210972307709535	29.1255978872042080
17.4964285499099720	6.2022378771491695	30.3932489114229580
18.9638279194761810	6.4203881901911055	30.1468305985055740
13.8396044134590850	3.2256278180724460	32.5057433548435310
14.7897590573685760	-0.3870979835667766	24.2170302584144890
14.7489287060673340	-1.3535850980691391	22.5738152708340570
14.5358614365287520	-2.3917317055909093	22.3036448019875200
13.1270490365766680	-4.9206677138492347	25.7024347518043860
10.8433906412063940	-3.7253569099918025	27.4446246733201240
10.9397178701272340	-3.4373573021892980	28.5620411358271050
9.2105410792311613	-4.0679305710641964	28.6594321488888680
8.3304208698070656	-4.1130682268722909	30.4816257321100820
25.5449386991242950	-1.0048737853950882	43.0053409505167180
22.8570219310618580	-1.9458811876666584	39.4635903818314090
36.0257255976514510	4.7174094112785392	39.3846490699149570
20.0824247535922100	3.4638257384942537	28.1398608555106870
28.7536243959464630	19.8074158763838180	26.4210260175588690
29.0081170181055870	3.2412482362221051	21.8512933582495210
34.9303046038859510	14.4579807377743550	23.0793984489678510
33.8544784573279570	16.6069551733322240	27.7885923804379620
9.6818235638346568	8.1382025628417800	27.6647175747150130
23.2343326612660380	12.8899069402460620	42.1264927228440270
30.6314895316192870	9.2518156329299224	21.8117221384715590
10.7094743969093800	2.5922477076929900	29.1248993482998200
36.9413039192254120	17.1914017632962520	32.3033593458410730
31.1143962417140400	0.0844454885890801	23.9241584533814380
10.3609443354534690	11.5765558428941270	30.4634436598586720
35.1294140661076140	-0.1540735112244786	25.4998643912794410
22.4292016793376340	5.5299295192197837	44.0561322570731450
41.3692170042302720	3.2902805235351749	27.0409285405343240
14.1558151610821830	-4.9267377996508435	30.1857674186028360
31.5092382248856890	15.3652901141061630	25.6191000344218050
28.5625014389732750	12.3997916976884500	37.0493833917371020
15.5106937056489060	-5.7262689145347192	38.8293681763235980
28.1763935410123700	6.7773735548648579	41.4363901805820160
28.5988192473151060	-2.4575182064842256	52.5749500987656480
12.4624884705356430	13.0449710373346090	36.5729078759553520
18.6070633583688120	11.0588996431541970	42.2929369595116710
17.9538673345503670	13.8242222051603640	26.3899031685174460
33.1547659407333980	-1.3889401968852073	26.9597938656472000
20.3220593255514040	19.8674667936277100	30.4880593041586710
20.5636721962030400	14.7859224465741830	26.2502231687457340
41.5782142769953610	11.1448702731705820	28.3100146439340530
41.2421607381261380	12.4601738535329770	33.3943862843549370
29.5140835638887820	-4.9659778173962730	23.9788032622793170
11.2084357016702490	-7.6265074402958497	43.2656459064023270
24.7628692993028670	-1.9426385156752746	27.4135756599356990
29.1143679201540660	8.6490022113408518	45.3162306828845230
13.2143419980204160	15.4127499740952200	33.7929412172986470
10.4940450954682660	-6.5261489298589996	34.8536662396810040
38.5958214785807670	9.9121586345597432	24.2946127401833220
33.0200373847845580	-5.1741664449914611	24.6079192614838790
14.4714245436733470	13.7740413539373790	23.7543854689838520
11.9393217159286370	3.0754415837420543	26.5447902091521650
19.6874158085321330	4.8877929611738997	24.1939579899104800
34.2907795131891430	18.3371655761655850	30.3843336229902010
19.9494532169030770	12.9718332216566030	23.3113377940564310
18.3575356885664040	-5.2207280817659640	27.1943379679284510
20.8106164944741750	0.6243378502619956	45.3691906631017900
19.4875338704829560	3.5902596220794609	25.4915174896169780
43.4834304929226930	14.0495232790190770	34.7147523937646770
30.9967969369888080	11.3054901509889450	37.8946683419375820
17.3616784488361200	0.4812947976310947	41.1930728103461160
14.4411625858008370	10.2873018236533710	35.8528633423736740
11.6844498352082320	13.2855916886707260	32.3691986730582930
19.9884865828718430	18.8834681572596780	29.0779538024750830
34.2136594327055620	16.7541775826901540	31.5535268930491600
