-0.3516012152449510	-0.7191673525332077	0.1185894208717266
-0.0895841965274612	0.8319332544573382	-0.4272159666096142
0.3993163058809275	0.5587154583752250	-0.3804833778009534
-0.1617263375719982	0.5108913537745439	-0.0225499138731276
0.1409898251695107	0.0533882151125882	-0.3061201924056800
0.6666775098058507	-0.2409109867434425	-0.2244454847923879
0.3678255601922149	0.1751035853752214	-0.0300999053558789
-0.1699855972429089	0.0396423244048024	0.4048695196558301
0.1243435553167173	-0.4482722330214395	0.4228612622440476
-0.2102089464909353	-0.5504414082543631	0.2184162398267034
-0.5727984905262111	0.9071232502960969	0.1174551810129017
-0.3697089032497687	-0.0316907967556917	-0.2257688514997013
0.0267615003448291	0.0083019199290037	-0.2388731984611373
-0.2667504069389707	0.4752687650010749	-0.1845476773031972
-0.4663190145569859	-0.2728092100934124	-0.1766229323433494
0.0134436289652730	0.5298146963620225	0.3042368921346942
-0.0044343359686650	0.3041917390237856	-0.1162801834921464
-0.5302775852845485	0.2785386246093969	0.3155930937622595
-0.0343810618109168	0.0636215956233026	0.5121201950002323
0.0802759568428778	0.6661735404010114	-0.3786658056934568
0.0313365716041137	0.5197836775321221	-0.2156215198972482
0.0531159854012800	0.1490195859949569	0.0299219420289631
0.0434248111185483	-0.6125575117967426	-0.3936865213269051
-1.0289052815290143	-0.0485693116263449	0.1148100150985735
-0.2972868022692660	-0.2739758178104421	0.0285335762138436
-0.1276503484467255	-0.5066550988888700	0.0369273733656776
0.0300034745375491	0.2095168052330658	-0.2652046608757892
-0.1285135040423111	-0.1874554883953653	0.0810440771278069
-0.1739709141766879	-0.1911263899614493	0.5693521775517595
-0.2110265236085909	-0.2151402630857737	0.1815610477412215
0.2486408621732646	-0.0924542057593590	0.1572080374875454
-0.0189575292269103	-0.0107188463922184	0.0751175067297290
0.1149300898609130	-0.0597433355570140	-0.1956051798830832
0.2021856597673594	-0.1518747995027315	-0.2000948910899193
-0.0010640827461240	-0.6491785935579786	0.1601585953277081
-0.0949524446412218	0.4659248151313296	-0.0453902111703006
-0.5663525360914298	0.0139189442049655	0.4491191496399826
0.0539391397913472	0.1540070409798175	0.4012517938908067
0.4804374764811349	0.1716652036008894	0.4477005863728164
-0.3846935789694683	-0.3602010892548961	0.1498811226192891
-0.1530454105036475	-0.0554813973107804	0.2322084294696141
0.0428677104924997	-0.1083470569017023	0.3591871505937517
0.1405953119714782	-0.1362069946232655	-0.1477670775399610
-0.5881143408289491	-0.0914811433959390	-0.0832966342317863
0.1149375490633988	-0.1094437781584741	-0.0350383028723050
-0.1527587031106803	0.3642257803384980	-0.4801407309594298
0.0369698362070764	0.1449729465690374	0.0334908435368959
-0.3448952394374109	-0.5494147883970030	0.4863193234069709
-0.2882275591263315	0.0288792909737365	0.1893852514730986
-0.2974928572689072	-0.0297109338248834	-0.1936705410944271
0.0650223387412613	0.2678602794904276	0.7248290104509326
-0.7145646801697636	0.0748656356517128	0.2871050141323653
0.5304574242930040	-0.1789887226848718	-0.0028209043973748
-0.0412415865959100	-0.2083173888455768	-0.0065319481013066
0.1419250799968305	-0.4999290797829972	-0.3719661937014168
-0.0259633058255648	-0.0130807880787860	-0.3374557632339877
0.5200464954065429	-0.4658729208635604	-0.1462869730629199
0.7248399008448523	-0.0007628978340539	-0.0521987153495211
0.1359058671549129	-1.1080434487279254	-0.0841808886208116
-0.6484149838584952	0.3707247749422544	-0.0913487791664770
-0.1874609165731761	-0.1575404078353877	0.6111669586129721
0.1078692054698119	0.0084523584733649	0.5777292429934502
-0.5129983807195250	0.0177117969648269	0.1211394440980208
0.0055036778266453	0.1810583965116299	0.3035683928770858
0.1792650004915568	0.4852707812895206	-0.2991626953008703
0.5044047707888948	0.1887215124385094	-0.5807746148571322
0.2105628852713816	-0.0786848994556509	0.0517434263654101
-0.0399378116734497	0.1753021216964067	0.4744081605939484
-0.1998724571105086	-0.0258758409603730	0.2337310447463528
-0.1947256365103590	-0.7133146481832606	0.0821875390328413
0.0129696883264266	-0.3894354081210266	-0.0743475818039346
-0.0289661804170713	-0.0064892402447907	-0.0120220203600578
-0.0363637519465865	-0.0186747012050087	-0.8000676425919948
-0.3170539617602335	-0.4415744415462145	-0.0336207633925954
-0.1662974734992243	-0.4399865652100273	0.5073768011291496
-0.2446583828630779	-0.2547125992199565	0.1125838112178814
-0.4340053653511156	-0.4842774912529918	0.1084586390515444
0.6734237131974071	0.3578363558738468	-0.3599277945033472
0.4501034010219441	0.2226092098425455	-0.0533153833169671
-0.1381668002358268	0.0365745405266621	0.1600831325879060
0.5310466622712612	-0.4458737472773345	-0.1298512669192936
-0.1747562108416086	0.6345902127638649	0.1479803576756849
-0.1187698922403149	-0.1287505384536274	0.2225091297759419
0.1888067104538825	0.1460086558784260	0.0158546353846134
-0.4881566886955304	-0.1267113621780778	0.3454267684845255
0.0437009362608646	-0.1910838674771229	-0.2151262178812945
-0.2472177199607871	0.1763444044355680	-0.0287098410988558
-0.1402817050072429	-0.2355666397603081	0.3966224231921935
0.0380517883593957	0.6441275289523449	-0.0966131313046577
-0.0527534952003252	0.0163469062557851	-0.1780321755921365
0.0690496003873761	0.2026068400942875	0.3538192470812110
0.4404912969383045	0.7027356410758167	-0.6192446897147047
0.0113575188928000	0.1704361250296883	-0.2868024211566127
0.0056458890961988	0.2569425468625039	0.1023806788336639
-0.1458989341608363	0.2650813446516649	0.0038659886023272
0.1189813091794747	0.0864882049840311	-0.1696267652433751
0.0189633372740394	0.2126745123919893	-0.4358352249437256
0.4918806004489376	0.1252206870164069	0.4773629346045543
0.0427601738224369	-0.1890267888373879	-0.0109805399484705
-0.1525229405037468	-0.0798815189021380	-0.2732703940461853
0.2948354915345046	-0.0705990230543080	0.5014144354057794
0.2330823149126961	-0.1616129945763719	0.0332415754918433
-0.0326168669630010	-0.5051098517089068	-0.0991494649051594
-0.4930691716693597	-0.4905158550394426	0.0405449183780844
-0.5923187929253746	-0.1609953237072366	0.5079253818203529
0.0139525094780191	0.2175028117688494	-0.6755531781012866
-0.6192471984533895	-0.3005752348987017	0.3830207325998642
0.0895201969031856	-0.2516033723646425	0.4333726707979199
-0.2147110839361885	-0.1495265992091786	0.1851647062165312
0.1762835401034041	-0.0497470352223780	0.2621623301683591
-0.1237082486327393	-0.2997964311608150	-0.0015030899440777
0.1991154428798840	0.1061698606809357	-0.5207352482539325
-0.6523953624562412	0.2500361887371024	0.3489373732882896
0.0080617165600365	0.2219689219374630	-0.0079071266624612
0.0918110930580469	0.0021204242500093	-0.1103548885597312
-0.0442380041097854	0.3952969798558901	-0.6651838067989482
0.0117728152948527	-0.2618769034259665	-0.2641002269912639
-0.2896414979739279	0.0401083200850847	-0.3916368067077672
0.2880308237212793	0.3207463242859608	0.5104152317646836
0.1499589368262681	-0.3671889572613782	0.0143135855348215
-0.2338991470934115	0.2878550717308938	0.0547137633994304
-0.0403242595762799	0.0218566563485909	-0.5414371002441941
-0.1930005814903379	-0.0512286552422180	0.2494457436377496
