3.2958321303533773
3.2824564963789253
1.6661201179429785
2.4029334212130946
2.4820864083032590
0.4255965312036160
2.9779871478159268
1.2525254313389973
1.9952933324397548
0.0189136324123192
2.4644172527179387
2.3575080538984658
3.1257066569696743
2.4994837133023422
0.9996057963645144
2.4213557117509077
2.0606156079031588
2.4540749422432127
1.5480725290617876
0.6516498726260342
2.4982771116706131
2.1600412782527676
1.9833288203861630
2.0032857419196457
2.7414593256638478
1.4025295670986444
2.5548313218465708
1.5639267941793316
1.6051488781026841
1.5494746940976156
2.0777761322090602
0.0490571682828739
2.6699167522832354
2.3346130023479548
1.7108350694863272
0.8940627677889681
1.7389945636033866
1.7867051243421328
2.0425707853304345
3.0117139670963096
0.0310153322307889
1.1067197522466909
2.0749353576756726
1.9869155631757582
1.4153036315127405
0.8101777120562359
2.8045854096104037
2.4872148522706516
0.3308569037216054
1.6902983425573912
2.0979827563751221
0.1115693061036153
2.3991977078694284
2.5419641952546739
2.1014708236121877
2.4854445605209503
1.8635392810841098
2.3203510306487352
2.5011749684059437
2.1299009818322565
1.9402375339647833
1.4641015220845242
1.9399813888649560
0.6317883695605125
3.3174990028216302
2.5996226678567789
2.5989473735583948
1.9377382763233941
0.8910658663450756
3.3601355662774486
1.8270554197664652
1.9028121913937506
1.4627859053596677
2.3370569671631261
2.4700499598762788
1.8944966481411452
1.9931021443234589
2.8701385625005487
1.9706650156208154
0.4227872109671268
3.4350980435498446
1.5153713451226483
1.4377573900794440
1.4817262593350606
2.0304239485415976
1.1226425459050038
2.4823166499800200
3.3171890339692687
2.2421398852061678
2.6317275989602726
2.4898659102053391
2.7872186241326684
0.3141020941305837
2.9234446057414862
1.4982309779770500
0.2369307937300435
0.8434234386124268
1.4536158521281002
1.8873135347612147
2.2730032608709667
2.2242933649890357
2.6002500040502254
1.2566182609449303
1.7338154858599071
3.1576812524882887
1.9397195552311868
1.3559601170613409
2.8637942603872326
0.9526553426865332
2.2576118625743282
2.4871406602881558
1.7600906454256384
1.4158380977598202
2.7832347788709559
0.9003464260156386
2.2780731864244825
2.3348569463587956
2.5604078310510356
2.4260492301456438
1.6475851915468414
2.0785315624281182
3.1860502517348235
2.1215922604463828
