20.7313524208386080	6.2587236495972478	3.6900695350576074
22.9257222647576350	5.0695085213832174	5.4212312353232228
18.9968035556935600	5.5275454823354808	1.6761375796996776
17.6182692024681810	7.8299341991362574	1.2973311849398188
19.6144558364276980	8.9015950135621580	2.3690595553628921
18.0734010002293250	4.4621810422043859	1.9876535007602372
17.0244336131735640	2.3186626991432027	2.7920776483935743
14.6883103844968590	3.3568523507184937	-0.9300039373173216
14.0607611229439580	4.8772517701121538	-1.7216288572197178
13.7017649043535280	2.8318874056514685	-0.6150217295730528
13.7684241008568740	1.7780665526122883	-0.4332385610128314
14.4029946113468750	0.7264283755441835	0.9653918100246283
17.1282025644907100	7.0448286100945534	-3.1774253828665957
17.6764296065848860	9.6453500988432435	-1.4402088837392533
12.3431959287771690	5.4208979667495818	-4.8708791439225152
14.2920177678965320	5.5127520651223323	-6.7506672603202524
15.3996094099553120	6.1660554897382296	-7.3937628076399671
15.0546883754260450	7.0165490573644096	-7.7909453848564265
14.4432014837193150	6.9550414852272056	-8.9494704763719000
9.8204897810498046	7.7369252736023260	-3.6579042588991024
10.3773990600553390	7.8475628148156442	-1.4617927805965878
10.1166805263583420	6.9131975987094094	-0.8111094903985574
10.9679122187513300	5.4969883949006526	0.0969416801599059
12.6467179590583550	5.6800183329963314	1.2734084960129455
9.5030061149905833	9.0349807952698349	-6.2804604421786498
11.9759180991712900	9.3471243357793750	-6.2381791792236712
13.6572318744041360	11.2555142511003400	-4.2965720890235382
9.4075480760304728	4.9078167307000662	-8.5243391064926559
10.0311092239038260	4.5676216080775438	-8.1329938200171945
5.2377530038582698	7.6786802827092400	-5.2171779420756161
5.5772626433056089	9.1833551467415067	-4.6567599133953141
5.6779085733966808	9.9722996489697486	-5.4854296117267589
6.0804154275254216	11.1474712918926270	-5.6718064251300637
2.4316092354528323	6.0610441887960489	-6.7652482772495235
3.3273846737959150	4.5396946006333740	-8.3423252513399344
5.0339174094641672	4.3638490040838329	-9.5192252701029965
5.8426762600834330	3.2920298604109477	-9.1983884542405487
6.2890217425447963	5.1162726102991893	-10.1317456902138740
5.8642046518016446	6.0870348784314636	-10.9928047194451980
6.9311576757311890	7.2936539682555166	-11.5470657418495190
7.0261900492978402	7.8166612699667555	-10.6351830027708750
8.5930193179944308	7.7383347568025549	-10.8615918510771970
9.3327807936339973	0.7129032609833648	-6.5922819612312722
10.6811834798996730	1.8918195083764888	-8.9312523926485810
11.3331794652538830	0.6713736810597892	-7.0086847327925099
4.7336184658254430	-0.0547998449509277	-4.3292669254865324
3.4420844393108188	0.1387208063679558	-6.1127804682467719
0.5583100121783498	1.0179654872479549	-7.8329468043931332
1.3213022112229136	1.9816629339597289	-5.1840663355132479
5.6950454336523029	-0.5565932247835524	-2.4048670896775945
4.7849313035422858	-1.1390869081018067	-0.5735541323905133
6.9252747402982857	-0.5661769486477232	-2.7066043718454913
8.2080850825577993	-1.4143999767219173	-3.1955259303804278
5.8181074896274527	0.8454327644565768	2.0718649714560553
7.5036911391959604	2.0280373809417340	1.1820452353909889
4.1438872065216108	5.2818755483934350	1.7952391637469916
3.8330108628174235	6.9103352601328467	3.3295813640634648
4.1927591635832746	7.9292936089513022	3.5533805870434216
4.7866300604510865	4.6260086684346700	-3.0595940172376648
2.0320817799998698	-3.3128846459213226	-1.8506992245510332
4.0286715343361692	-4.4527500889514515	-3.9293218713781939
4.2046926365882058	-5.1933779768092734	-3.2944340513402364
5.3547507891947097	-3.7768802336654019	-4.2092286195187301
-0.3930026517212574	2.1134922995965866	1.8345773071128006
-0.8329318838323111	2.1047025702977331	2.6908315501400910
-1.7741395038412255	6.0808340848140725	-2.0536678075895010
-0.5291030278300213	6.8519478620282541	0.5510581214495145
-3.4745058930569752	3.0446917361971400	-4.0901446926263541
-2.2648951388907892	1.2465227204384011	-4.3164056850651606
-3.4275168298650440	-2.3099060160760003	-5.9734605623454664
-1.7724921654781893	-2.9207800167374556	-4.5339687739414591
-6.2306481939393032	1.1680556124813100	-1.7000014392935050
-4.3203363823719938	-0.6060080518913827	-0.9103976077736908
-3.6392501639066501	-1.9596867889227971	-0.8215804821126608
-3.8329484810185965	-3.1528361697287752	-1.9523895375304035
-7.0849371611507710	2.8199315936741409	-0.2661481023182634
-5.5472668161300058	3.9834047494349969	2.2810716976108170
-4.9026526374211983	5.8022237401070420	2.1674772398204265
-4.5569991692727987	6.8816765813073149	1.1924861527098023
-3.6172501917279205	7.7003425404434580	1.7188306314166875
-8.6517225824387953	5.1388002105318114	-5.1704139025496012
-10.6974987125467820	5.0331834166541372	-5.2129059686409827
-8.8580556660861980	-1.9400272693372294	-4.1712352109558282
-8.4465618955730104	-2.1891765717054481	-5.4891534713940224
-7.4823821109717610	-1.3899742218467461	-6.8368319109395967
-8.2614367038437067	-0.0873960517431350	-7.2301041402030943
-8.8772877639126548	0.5046981723119883	2.7674197274211845
-10.8531507284506880	-0.4327161252645944	1.8216507806786275
-12.8039023514971150	4.8376974539009581	-1.3536125400251404
-11.8430937512181970	5.2464749610076522	-1.4446542096260335
-13.0515155324991120	0.3100359313352264	-5.7671175358149744
-12.2107939271429160	2.5223549203355087	-6.7836663340014773
-11.9773710627048190	2.4568450261035393	-7.2896460289258087
-14.7823152817402050	-3.6840870007395221	-2.2403467535900643
-13.0793171211993380	-3.5313926555404254	-3.3165165667211829
-17.5000431762539780	0.4546284755915453	-1.8760014297292291
-17.2366315841780460	1.0978066051471171	-1.6102727170050857
-19.4601177347236880	1.7922675150420624	1.2951918838624017
-19.2939451702531990	3.1873390614870329	0.9526898214460414
-18.7887895995176670	0.6426962476425039	-5.9395837764887007
-18.1784102125142830	3.8115256980648886	-4.8689644782567285
-19.7508530092560480	-3.2389927781537593	-7.4429446021138297
-17.7030790462577060	-2.9272060055036651	-6.4809077681636396
-16.8163942863883840	-4.0011219768855861	-8.0813202162712781
-15.9233437917695130	-3.7244299044918132	-8.9906266175131933
-14.9577374004422840	-3.0066437653020195	-9.3994595732702688
-15.3532506395599720	-3.6306655960566179	-9.6454819836755838
-23.3034969275671710	-3.5795937437485073	-4.6019942358377568
-20.8274007968180260	-5.5048081509241413	-5.8997312739869043
-20.7992474870058000	-6.6912260010613824	-6.1145580168567015
-20.2351041240363790	-6.1653692073090349	-4.6211651044247191
-21.9297357095390420	-1.6240675714916599	-1.6526291605563863
-19.9011293042045520	-2.2350939683076696	-1.4755303295153366
-23.0544355265254810	-4.4962579869653636	-1.5858562247304639
-22.3983910689406400	-0.9750931081972644	-1.4034441309595258
-22.7981831310017780	0.7662657994376868	-0.4315387841393970
-23.1478632980942930	2.7391454072000858	-2.3602329663969135
-21.0399872455693360	2.8963591797615438	-1.2166598925972687
-20.6680087066813840	-1.6879342993182225	2.7027590130799370
-19.1308383353940070	-0.6688668826162917	2.8835077183459541
-19.3417968002471670	-0.4001992525858392	4.3858864882576327
-16.4764969176770430	-0.0592720831424586	1.7885508282060834
-16.3863701975693910	-1.1014772145638858	4.0647758905907780
