-12.5858873647397210	-26.9367199943373630	21.8587315299676560
-10.5596064657131880	-25.1877543299068630	22.5417487184332510
-10.0422919939287340	-26.4082306404764360	23.3584666269994480
-11.4686215227657410	-24.2639460834887080	20.1946635099100790
-15.3823836440418110	-22.5242857620746580	19.6027696074213330
-17.7751308157028020	-22.9373507423250020	17.4936293753648330
-9.4934653962998592	-20.8650268559883080	16.7365026516401830
-8.4685145858612163	-19.9130897913699910	15.5401056880726610
-9.5124470292535399	-15.4864298323978570	16.4973204840579940
-9.4526719329113611	-16.2212430239558430	17.3585774485235400
-8.3029947913360953	-23.4417616698061760	11.1260415747022550
-7.2358246258463268	-20.5887655560200540	10.3924865192185420
-6.6568035592320909	-19.5762861292248860	8.3337024551462537
-3.6466376909660534	-17.2126414851577640	9.7754862424884656
-3.0944192669369563	-20.1090356938131940	6.4824423382564866
-2.8939826162548128	-20.6011398136013570	4.5958223552217454
-4.0917630901708568	-22.0336862014976520	5.1083037933869520
0.6758335497380370	-17.4996701355898030	2.8316830826109212
-2.7651032073770057	-15.8472322793766600	3.3223942448533967
-3.4465145374468000	-17.0853909084779190	-0.0370657252294075
-3.6547242866548522	-17.7543929233699660	0.7576292817887330
-5.1228040916874109	-16.5205432360892570	2.2204169948345087
-7.5019336180630116	-17.6908305314803760	4.3165774777728183
-7.3291721167928010	-15.8930799548111300	5.0261145301837304
-8.3271055108320660	-14.9801661399168410	7.8551586817269063
-9.3882745526859122	-14.1422118244581690	7.2944625297240426
-9.5615147684505999	-13.0121472740549680	6.5748695785664832
-12.4694916927712960	-11.5540848774388270	6.9669485554112711
-12.8470025744231650	-10.8308774189340100	7.7283295427083747
-13.8411897912760630	-11.7293143558255830	7.2775276416612211
-7.8580494917384600	-15.6774869342625500	11.8493426516640350
-10.0183052898862550	-16.3277749722489500	11.1901234265979440
-13.6833284045029040	-17.3200537929295780	10.2790619152171950
-11.7113220127775970	-19.4427791163521240	10.2007551804670730
-12.2074613186885530	-21.0370382869352600	10.1438421102041760
-12.7059812126962760	-18.2136400911088110	15.8327071532331530
-13.8162029004726690	-18.5636830855635360	18.5521897592911460
-13.9071604526280570	-21.4583085938864930	14.6001518204425500
-12.4284848439937490	-24.7333825408467160	13.4148551432873560
-15.0891373035977330	-27.1414572384533130	16.2459123594611090
-16.2353662742165990	-27.9512125800885160	16.0014831271631440
-12.4691751135263580	-28.2549646219187880	16.3912829345287000
-8.9805272307364508	-26.7924335409051610	17.6483476812138810
-11.1497327889697250	-30.4470887576555210	17.5267057606353870
-11.9583598360410830	-31.4978649184503820	19.0227691029869670
-11.0999508907396360	-32.3451982315128460	20.6264750952546580
-10.2268501628147830	-34.2914854072929810	21.9961322504395620
-10.2941243649935750	-34.6274021411923910	23.2447102061646190
-10.9223665626329500	-34.7116649644819760	24.7656068383810710
-7.9750682570453613	-32.4488233113755480	22.5027526232242430
-6.3677930329606234	-32.9648010927106580	21.1639685089211370
-5.8345961528421606	-33.5185121393015000	20.8250949251670220
-3.4874860870460602	-34.0142556225990590	20.4028374353209150
-3.6434982689935294	-29.7102595214624720	20.3976882976235740
-4.3167714679316553	-28.0195559594786800	19.4810655657732670
-6.5834700922326945	-24.9150168157350680	19.7740503308345620
-2.2382775276627327	-25.4457335146728350	11.7369523133621070
0.0995505131939945	-20.1022751462685140	16.4488236120022440
1.5581616037687014	-16.8547786902731320	18.2674694825173770
1.0100070333907640	-20.9672675522044290	15.0914440210824130
2.5881756466481112	-20.9343214889932800	12.4224803587797240
1.7635039285999012	-24.3421070519269560	8.8934257796690126
4.6628593244765550	-16.8523145795348340	12.6699731458130400
9.9717400600129373	-17.3515256772271230	8.3146599878234326
9.5955579429490889	-15.8965320174997230	6.3643474804781626
12.2397602617939290	-16.7675189404781580	4.1212273106375354
9.3454715752110644	-17.4852469857560990	10.4118308435112610
13.1394373225309220	-19.2500108652664150	13.3563852173830480
16.0863086752417280	-20.1154402829172870	12.4535011075200060
12.5090303984127220	-16.8483428730142140	11.0397429223266940
15.7216751767601030	-16.8177044636209740	8.5497094962708253
16.7348480426064050	-17.7105663643376770	8.3603023875422320
13.3125307492830580	-15.0822106864716790	9.4397530667114165
14.5598270695410990	-13.3281478092411840	9.7556767466458041
14.5862739919552280	-11.9154213685825210	10.6370163678125960
11.3642662329700550	-10.5707638843916050	5.2657225396950187
10.0574865330529090	-10.7955712823771870	6.0956668226067734
10.7309020662365050	-11.2649312221871250	7.9790973541728167
9.0923913282590636	-12.3067233237342140	12.0070504877904880
12.0816568542184580	-13.1320461548052790	15.0760122200499820
4.5430887480929458	-12.7271966151265200	7.8563760384445640
4.5392076329378837	-12.0389620409289400	7.2663278102603597
7.1041821442020243	-11.6937207909795800	6.6134501215109092
5.7074923503913269	-9.6134920932186567	5.5847343142560257
3.8683005014779317	-14.5175546205707540	9.6233386355826323
0.9711815353914658	-14.3034815683317880	11.5940642485196110
1.2540592144621281	-17.3573079132073040	9.2110528857848752
4.7638329219345703	-19.6584272831860080	6.4215682566520389
-1.1492818392821271	-20.6502101485675420	11.1271210539685000
-2.8884390882112538	-15.8728473837471910	14.4479999845494370
-1.8220110703651888	-14.7716446654084450	15.3828103014051120
-5.5931455386146114	-24.6142718652669570	13.3118116130334570
-6.0624135315606145	-27.3569371354017150	15.3391525043160280
-6.9130642272974354	-28.0859711115110750	14.5169506916101320
-2.4874309414757740	-30.3478511997798850	16.0360672105334990
1.7907283450423461	-28.7271790741024980	18.9656743596876080
0.9435235445600665	-30.3139218678149080	16.7539779439389780
2.4572977098860789	-28.4969818984322880	13.0404695829389700
4.0516396607197382	-29.0866567456254290	14.6905189043303750
6.2769594791799204	-32.0809217761660430	12.8719086779877440
6.7868074906545921	-31.3747600273371850	13.4609660683792710
7.2340181839900604	-29.3884065103340720	13.6537019055053350
9.1172998139123749	-28.1599582044958510	14.0279386252756490
10.1327225570894650	-28.0246218801237070	11.7390876166360180
9.7512913110022374	-27.0798044835646120	8.1146456813905186
13.7164010537471860	-25.2682600085299960	8.2163983815406301
13.9187173998188240	-25.1141848323701780	7.4520241878871953
14.7824668211352750	-24.5074891650674790	6.2617635566237073
11.9487945525567800	-21.7794916332164770	8.5938468089304898
12.1022646304169840	-20.7824840344026430	7.3337547346491680
13.2924179790436940	-18.6611294585099930	5.6267604993183351
11.0704092139084980	-21.2655711539192400	9.5176052483461806
6.9845904440089486	-23.2501903892660380	11.1122500893292850
6.5513086243122505	-22.5564531230577890	9.1827012908087262
8.7227803522853531	-20.4824883358138910	14.9182977619537790
8.7307932587722750	-18.2356155931364190	15.9745659004309550
5.1539065023537329	-23.9881746628203810	16.5935544280693820
3.7816153598807629	-24.4032527700484930	15.9029022204764700
4.6196571276743406	-22.4423853558237840	17.2937850862225200
2.1770734709096118	-20.7737790318208260	19.9177529555820350
2.8745045271089658	-20.6020263029286890	22.4774281444766120
3.1548333790579206	-20.4052167978199140	24.8312689645161590
0.9112382068222034	-26.1887691122580790	19.9218501900659600
-1.0614660155976312	-24.3927603719165770	21.2625129531057840
-1.8511797741039144	-24.8167432735608390	23.2789607781020360
-2.5128909700842770	-23.8123271134292910	23.6855599636913400
-3.4503544420363794	-26.2034136332031800	23.2119924252387760
-5.5191762880625674	-28.5196382268671020	25.0210318939523900
-7.7015128705570888	-25.0917252694068190	27.9067632963903090
-6.6432820894361528	-23.2969150355417690	27.1771144655397270
-8.1142826032657034	-20.3848549397205790	27.3737939132192590
-9.1926912445351672	-20.4816387265844530	27.0565414630376500
-13.2098434665160700	-21.9200837995567280	24.0934257126818460
-10.0676344451681050	-17.3568312849546730	22.0990954184512450
-12.5449802756615410	-14.6302108137852990	21.2450092707920920
-8.1553513336366859	-19.0873126128917580	22.7574451846011350
-5.1198432139961749	-20.5307947575783840	22.9808848467923390
-4.0794289686801193	-16.6963577104861720	19.6187175929554630
-5.3944444805189349	-11.8868564141601550	19.3865336294413310
-7.3158185379741658	-10.5944231718406880	19.3761807229354940
-6.4082005565494367	-12.2475049113397730	19.6536211416139890
-2.5366886675877627	-15.6191191040198910	19.5285342772811890
