1.9806567449551460
1.7989673721285975
1.9580252033646859
1.5887467056983224
2.6400059839948522
1.8082260165217507
2.3216065084440110
0.2976464521522129
1.1884827103948408
2.9587880152094543
2.1123100783577593
1.5339411100942892
1.4445116214555553
1.7736180432859552
1.6462552105584010
2.1790287995531070
2.7889997031546900
2.7653038387076063
1.8601602810801015
2.3011544637767596
2.2799843533372126
0.6910462088095529
2.4688205416384652
2.3291148639387096
0.8517380996650977
1.2379456950358274
2.6406690722162596
2.0352779768195584
1.8109833973103824
2.0116378976088725
1.7552305979603551
1.7579157290123195
2.4913237817146303
1.6112810068752701
1.8741987715746156
2.0305046001709597
2.1244182917260428
2.1949428787634053
2.6824443770252948
2.4198005511219076
2.0396295131733062
1.9062492437601584
1.6055853314587469
2.5802660743428483
1.6454381074915287
1.9599028522455972
1.8597169760647503
2.0869053981930699
1.9336026216435491
1.8338706859848855
0.6635926844485823
2.5534240243655955
1.4770758144510159
1.3059318499908905
2.3054546064040435
1.8393516756685113
2.5807173951294224
2.3673117711799749
3.0238746937649998
1.5519698503516131
1.4346086681341008
3.0049633174607364
2.3560021324530385
1.8929494610440258
2.1842451761502595
2.2963656034195479
1.5231683083395173
1.8079223242380229
3.2404733989794297
0.8643163262886688
0.2830103913860635
3.2086911312943216
2.2072353940332068
1.5311207459262357
2.6317443182294280
2.0682058480765235
1.6804202241958985
2.2202281849198964
2.8792327136975433
2.4606478581980746
1.0771383447387575
2.1641820649472843
1.7744417198491369
1.8862262136256402
1.9922637286737088
1.7489605358277556
2.4655844142013743
2.9543271310461905
1.3461920112460826
2.4681081378886565
1.7175228196020280
2.0295880395086097
1.4686580063281445
2.2473302856703810
2.1920948103650155
1.8368958783096239
1.8621285437826987
2.4901762717436715
1.9234513081127673
1.9685057333050058
1.3511813005313491
0.9880352599750611
2.1507072432156278
2.5849161282326540
2.9157080008066285
2.0901933418734533
0.7890535716901124
2.4263708707089822
1.9907450805171449
1.5339663743235770
1.8597629100565962
0.9792246592197782
1.7507797571296837
2.0699585156928415
2.5921767074945663
2.5796290635772752
2.2843404065174000
1.0972383532962233
2.3473987276959174
1.9671032117968790
2.7169409792980685
1.9198697555874760
2.1853041795484351
1.2809464167421760
1.7920578300284704
1.8657163669968089
0.7509179962024301
2.9309801884971982
2.7445768428947521
1.8530031369768070
1.9577538866045328
2.6604695499125901
2.6663934433225087
0.0031026253997463
3.2987438863505885
2.6131156157308979
2.4855494024279361
2.0523906225205888
2.0229712531706641
0.7361221739254005
2.9388795613667957
1.8061083938315299
