1.3437648168343426
2.3920470873034474
2.5301733020836017
2.4667214392868537
1.9198208428764698
1.7975502495673403
2.6393718621067723
2.6277149932292962
1.9280009088580292
2.4297492648967820
2.7800368941392879
2.4248089740181857
2.4275332226617303
2.7020779912304946
3.1418194225198000
1.2030929413990419
3.1577564793017738
2.2640269953857390
1.6361826353087516
1.8201484662070717
2.4769449699439767
1.2472224597063835
2.5896419667059076
2.5048066706216519
2.9892770005261129
2.3261032833294171
2.1720193600844522
2.3067890850100565
3.6674858907159749
0.4286286789287931
2.5035112010236351
2.3394456662494432
3.3641132699934939
2.0709316549251402
2.2659975952472835
2.7267319145090898
3.5570156808521025
3.5334354872003635
1.9172635116687213
3.3265764622042799
2.2267285832573709
0.6419490355534813
2.9555625785770965
1.6747240247193393
2.1819979432890761
2.8263110850967248
2.9744123101618825
2.2389260890671530
1.5004844758513156
2.8342570126373348
2.6077537849026431
2.8594788008268828
1.7380234983884224
2.1491166514939120
2.5682278280658677
1.9807690434387870
2.5561608234731787
2.1116538738360764
3.3621588909505280
0.8060069391518808
1.9742046836716218
2.3748704570068462
2.1775197452579311
2.1899699367787355
3.3353655911604689
1.3984562050344151
3.6350693608626918
2.2853463630672084
0.0972691299719645
3.3425402807134375
1.0059561159486958
2.8475822544759715
2.1133055496008013
2.2471892172682133
1.9907578301047100
2.8028361825536292
2.5793216026143986
0.1853865045462244
2.8571598370697053
2.8781582559529952
1.9744525767817316
2.8061010424933901
2.5372072614843790
1.8394812151465618
3.4740480839812351
2.3578354769309744
3.3888712991244168
