-3.3965221925887632	1.2362066546277486	-3.0441039729573327
-1.1935810571312526	1.1999129152917154	-4.6792047512796833
-2.3955478122552765	-1.3118027499769656	-6.9464727464242939
-5.0295521001607177	-0.6746753982995002	-5.6400674115643383
1.1332528413119334	0.0235983786926600	-4.0223135267038765
1.9938637659326528	-0.2266156626158182	-2.2798764329219594
5.6622182998670416	0.4428522815039126	-1.1816948107443386
3.7357040464217057	2.2295928715955173	2.4063402334614716
4.8559818077703714	2.9478845794659025	6.0194841691432392
2.9099728040781323	4.3113285562483625	5.2076756449444135
-0.2146206323133732	1.0210685032583389	4.0812237349912941
-0.7112430557685084	3.2004614938954301	6.0238316868216160
-4.7137108378054631	1.8737795454805584	3.7590041611879004
-5.9933027183049408	0.9581308180062585	2.7396945539038575
-5.6513555092656595	-3.2731347068113941	-0.6485339926430997
-5.6148066863822477	-1.9664451603457647	-0.0911300150605507
-0.6043608181351643	-3.9788393364977508	-1.1275293901541212
-2.0167567983783781	-3.7973414883549790	-3.7822634487277891
-0.0940824138291214	-4.6893781938727139	-3.6649772894358987
3.1769967194514575	-3.6088081853178511	1.5842442410227346
4.7339211422999510	-6.3913170248963560	-0.9764287205046529
3.5911178763704101	-5.9227833092453537	-2.9119183542026668
3.8095584301646621	-6.4203493846342905	-3.7945214755843746
2.5168086733330144	-6.8462536786433388	-4.9043930380154430
4.8142840755147605	-3.3241142104880708	3.8834232268455353
6.3879021717638818	-3.8023733866467491	5.5085105991293606
6.5745573680897458	-4.2489576943507741	3.8139056884988585
3.6518971118125689	-2.5205405605426274	9.1782240483602475
5.2160767638209302	-0.7542909453637627	8.0500240505643479
6.5465051055692633	-1.0483615354302549	8.4650042740332960
-1.5301724181157963	-2.6103085226100773	6.1841107203181593
-1.9839908681697767	-2.8575242988928249	7.7387303130231340
-4.5958532267195338	-1.4620974505337010	8.3733587712534181
-2.3322108891084685	-4.4534764468725978	5.5239905907493236
-3.7220640595291132	-6.1635598935656093	2.6689232548131980
-6.6076423239450541	-5.7262622026804397	5.1300914155191295
-7.4719811658725694	-2.6967300962415970	5.9208172872629721
-2.8421274424340259	-9.6134968520828377	-0.6517652099053619
-0.8706298489989774	-8.3306751029342010	2.1215138342582232
1.1188049128891222	-11.3418048158996320	-1.2374225454486667
-1.1089561232387903	-9.8076851478046834	-4.0218687775624824
4.7715657899503263	-6.7754289492743167	4.6782610886044376
3.4500391829445003	-8.0503762226805673	4.0976417275467822
-3.3107638025108810	4.8497566001085879	-0.9269419691382658
-0.7447266560646555	5.1187468083036851	0.7281888775983700
-2.2242908592931339	7.1512299309384115	3.2041887891511021
-4.6717150888854553	6.3154554175181197	1.9201418338264007
1.3534403283851590	6.2715877542302136	-0.9850870753258035
2.9665472541992597	4.2241943662405115	-3.8626066876433161
5.3815041747074464	5.3058601033754966	-2.4937824903244294
3.6365666778191774	3.9523954919445106	-5.3364682205208727
4.3370829632437147	2.6145400726322663	-9.3617207846088188
2.4409621160863204	1.5530330034583613	-8.6109067491443128
-0.6936064508135603	5.0175277468128368	-7.6690647705240842
-1.2161388256855168	3.1790700831410175	-8.9206754219294790
-5.0763807271367849	3.1736201948360492	-7.8949804616520876
-6.1368588380308013	4.9152197475262387	-6.3556898119682854
-2.0287004043442551	8.4126153927641578	-2.9758141052173994
-5.7508442722974120	9.0016432687574905	-3.0581088012304765
-5.6883157728220883	7.5105320639514668	-3.9269133983261972
-2.1809098147439934	10.2346361531419970	-0.0162549868509750
0.1997671202675780	10.6757531988923980	-1.1107179355791659
3.5838539993739937	10.2457772460566810	-3.3631787618097704
4.7038181530274095	12.3678148561399070	-2.6082736053682654
3.5968163716626589	12.4215531656471290	0.1829901894270596
2.3764865442052305	12.0799403211368140	1.1507503060902120
5.0950145305919925	9.0701241752397070	-7.7570554025308800
6.5267260754060077	9.7474919288208035	-9.3013894869733260
6.4449822980115856	9.9620693964779505	-7.5848375684083731
3.8249828493031366	7.6116248768534946	-12.5566631712850470
4.9771382010435508	6.5467742780671054	-11.9510391423605570
7.0598009525665484	6.2011160860345358	-11.8898062359465920
-1.7124259233664485	8.1920839316683480	-9.8474908961278622
-2.0040619205750381	8.4278997999413878	-10.7056878344226030
-4.4802043458143261	8.3959872065601431	-12.1509538104562460
-4.5831951552638994	7.1971846612562453	-12.0978568452711080
-2.6498340511334328	10.1516913447318000	-9.2269397985125661
-3.5832073491225178	11.4164275847006170	-6.1381983101462421
-6.2933493584105173	11.5082439379042400	-8.3587592778788053
-7.9052612210941353	8.4249133809159158	-9.7204510584960353
-2.0284357743632340	12.6623769052506000	-5.0609050948002556
-3.2424796191611600	15.7969815963221600	-2.6090055708392126
-2.4154067461963895	14.8168584871153840	-3.8156900754589693
-0.8305812984502803	13.8020497254398580	-5.3678193235160760
0.8713045992198569	16.7353079173560810	-2.1980745055940880
-0.9555102922987406	15.4085850828684490	0.0279005701618987
3.4514616499633002	13.6582924551492370	-7.5762579871909566
