3.1688095923417752
1.0620267491099495
2.5650437855003756
2.4358159783681175
2.3054804789729544
2.4758855131679089
3.6402095885415346
3.3036937375277162
2.9897663709421898
3.0317601675492027
3.5204487706268135
1.5667182184350879
1.1016626883515765
1.8703784598042310
3.6492001072340718
3.0868656664034928
1.2630853925062098
3.6939591622522956
3.4707890915535171
1.4489497936850544
-0.6456135220638450
2.7229784029425015
0.8310220916184865
3.3264650165336391
2.9756370428708512
2.4156266307772118
1.6029581377743765
2.1486599759535920
