2.7135281480850306	2.7283895596856422	4.7965116888732782
3.8948749847796380	2.5704682833591734	4.3579592073285074
4.8309668051492300	2.0032897862381258	3.9249754941953143
1.6240066349671436	-1.1907519219168612	2.4521925254302817
2.1406536409775123	-0.2194283780620006	0.6912675496048846
-2.2884107490348624	-1.6944011609959646	6.0896270253766689
-0.7252236900055349	2.1428272519344476	8.4591805866921685
-5.9914791670943126	-0.6287779107882542	4.8685386606295920
-6.5958569844185329	1.7881254849171442	4.2535678294573307
-2.4035255247156653	-0.3682335886784812	4.5768259831834435
-2.0774497987962257	0.2016584807339207	0.6384645865422181
-0.0943536068195136	4.0166926065899107	-1.7336937295583366
1.5543443108174126	6.0168676472375147	-0.0000031532094089
1.1038288835856576	6.7572241040293495	0.7674734783468273
1.2351607945342273	6.1998605349563203	1.3921934277564234
-0.7645031142274653	2.7805928299096849	-0.6263678336678280
0.4181075362431801	2.9339304645963824	-4.8719532453847183
0.2689364882662201	3.5752452337094343	-6.0124576756203822
4.4055634354599196	2.2902863340950685	-4.1250200278607370
1.7583225893426153	-1.9978160656962602	-3.5148733013785125
1.6384581926797228	1.2344352033742112	-2.9585672383455703
2.0543488153858869	-3.4200821190044679	-4.7421633933030929
2.8862035532840893	-3.8501601153804557	-6.0618938254525707
4.0572859059317228	-3.8400260072048824	-6.5211321846037071
-0.4927467316640350	-6.6434851322930557	-4.6624454826796926
-2.5972157439446191	-4.6171641018719320	-5.5366340432539571
-2.5570995186902472	-4.5624007418841970	-2.5936039643478637
-2.2924170249902529	-4.7880153421768998	-1.8016312476670848
