21.8488163325337760	-8.2720002428842445	11.5837087965779410
21.4533956706072640	-8.7223231831831658	12.6854211268519670
23.7446464859023580	-9.6942295393876119	9.5525194416362531
24.8101231768175090	-9.6365680149927986	9.1397966021901187
24.6866466013408360	-9.9369390673506199	9.8748373326276315
19.4667339539805120	-10.3921312372011790	7.8281249557885557
19.0546741456022950	-11.6276596041044140	6.8894786495906644
19.5743328597812220	-12.5063415822141820	6.8761056580676900
18.4088065517022270	-12.1421074893861100	6.5596386554868511
18.2148274608053380	-6.2622565194894175	10.0929125433536820
22.1876975256991220	-4.1125425363213752	8.3848632191463590
21.3949966055983470	-6.6662325790505967	3.2376184467209774
21.4912857427285820	-7.3733105063430555	4.0513957184493146
14.4601378756808890	-5.7157858479074362	5.1177303440449622
15.8606290242570620	-7.4738287763831011	3.7355274078341858
18.2183876821234990	-5.2311194774127632	6.4193616039533792
18.1714013711576500	-0.6228932052535641	6.2744989192937739
15.8085014986586470	0.7674023967531712	9.3783568253091794
16.6577664540490420	0.8319618330416111	8.8535665758814055
21.7869622164625700	-0.2500340311746146	1.9156753847771950
23.0316474550998790	-1.6140010678665160	3.7735775009709442
16.7188143155096290	-0.3508878449420886	0.9973847866742387
17.2822058825181560	-4.9096245049188445	-0.9744637187413388
16.2675948230785110	-5.1129856057114234	-1.9774954896749810
17.1136674755548310	-5.3628096367482225	-2.1548748176571677
12.3930278234050400	0.1849716915299268	2.6429607148485950
11.9062358866923150	0.6815023824773024	2.0774134653781018
11.0566074017714510	-1.4092395705058633	2.4876526940761861
10.2968284169810640	-0.6126344566287366	2.2719855026617899
16.9471918344843080	2.8624097877783976	-0.6203155085321120
18.2546177350719500	3.7514099200683524	1.4809820701411722
18.5663568627382600	1.6768310105933191	-3.3008918388267503
14.5535772159644060	1.9727636703767233	-3.4184205537097956
12.8649423329742750	-1.9167696052515415	-3.4558902477990538
12.8729996913751070	-0.6765168312561571	-4.8862022735557638
13.5304014119104200	6.0483123229111184	-0.3427912764943927
15.2706874685519480	7.6305673495675697	-4.7765051270127072
16.3066750999405630	6.4374529959561002	-4.3157982615767025
13.0639374547249820	3.6253727717462261	-7.4081821284892664
7.6822214251180458	3.5461163979729515	-4.1276849056852249
9.2764394536590000	1.6009083984135140	-2.9773398829703961
11.7893374292125430	4.8832005782570667	-5.0845711021400497
8.3627871562342886	8.8274872828922213	-6.2146202535063919
9.6696934657180194	10.6202022000840990	-3.9767348335570727
10.3983700105528280	7.3123758300949007	-4.6356573223434596
6.9068509146783157	10.1395324228583320	-7.1707578243294483
7.5721422858487122	11.2505193619841840	-7.6856597708092291
5.5104318979347564	10.5803468962444660	-7.0462918459093897
4.5463902777041607	10.2716153584923880	-8.5367676287775858
3.7693503758996139	8.0998825635403282	-9.4660343396452706
3.6560826450029125	10.0950949711446610	-10.1410122098565090
3.6194505792179807	9.1797598336425654	-10.0898702496400250
9.1423365398765242	12.9794602664901260	-7.8966630507692814
9.8093129774843373	13.5503580740858110	-7.1804919341148494
