3.0683061308948720
1.1457411555385961
1.3267212685079042
3.2241319454147646
2.6024073162508041
2.7129486479270044
1.0175019210527458
1.7381492194426893
3.1825553267349473
3.3997063224373800
3.0398838740923386
2.4535850427163259
2.7399975954981759
3.0328210030571956
2.9536925942343184
-2.0429768970371169
2.7999886696815919
2.6532795909147255
2.8221947187712018
3.0932406255341203
3.1891728666404910
2.8082629363920639
1.8040452106390001
1.7572161830445543
3.2970061058289195
2.4638166796359711
0.9733834809366697
1.6920622085694181
2.9382936867896614
1.9749663110107432
2.8702950083933136
2.8430606801463960
1.7616421613966762
2.0602773652539024
2.5593168076988682
3.0679457342298151
2.6115846053666485
1.4531201761354295
2.5795098283330584
2.9048613080687469
2.6721411596575018
3.1290196128836034
2.1120705140705045
2.1859425189258981
3.1059603634002944
2.2388497028556174
0.8881161825181696
2.1529306659355156
1.8952576008420337
2.2424275356034253
1.9779651926890180
1.8919197051208305
1.0792758845472619
3.2408956069389969
