-12.8395706106165390	3.9238735218759317	0.9380432887555877
-10.9974511485893580	1.6207489527621366	1.4942316425742368
-12.1450846015743090	3.7244830840027894	3.3851389056059946
-14.3548734238478270	4.1625000793710978	4.9247463166017562
-14.3333062776189790	5.0183012718926356	5.5209915438787425
-10.0566036202683830	0.1574275715372493	-0.0578069857995981
-8.6519571916762850	1.0038436559748622	2.8572524814825426
-8.9198997724920606	-1.2660125437384320	2.2964588831739641
-8.0135552104423446	1.0271678336626311	3.4619609657025676
-10.8432276159680630	0.1522583901527326	-2.0001222186037024
-10.1240004697534190	-0.6131134690909836	-3.3285867558209792
-7.0028647280779639	-1.9915178768417061	-4.1213861682671089
-5.1375167135697177	-4.1595625458556063	-1.4761113965845820
-5.4946606429986744	-6.3412189588589438	-2.3540484496722356
-6.8804101132561275	-4.5924077090782092	-3.1721135373703184
-2.3028850952529365	-2.1412732414604512	-2.5348267628613890
-2.9239698160992420	-3.9126684011427662	-5.7852340287645942
-2.4741768060701017	0.3135546450118473	-2.2537766402397463
-4.1562911096359416	2.3300069809763668	-3.8308996600664154
-2.9621222311602868	-2.1818587112664285	1.1632617685251985
-2.7025057828477466	-2.5576371818132326	2.7421595508467682
0.5135682088419946	-4.3492243201917677	-1.3147235830514230
-0.0067628608679782	-5.8094655433920162	-2.0459487703119756
2.2325477397853275	-0.7276020220694123	-1.6155472139147249
2.7172571602626090	1.3100214684302434	-4.7627137337951586
2.5342221266525899	0.9649147662901134	-7.8588304913690470
1.7959115121039613	1.4279712587662905	1.7056260495066071
0.7387669536944226	2.1996165433682373	2.2857938945126133
2.1926623082737078	-2.2571767905457487	3.0729954637405750
2.2487815429797688	-3.3753964076971332	4.0604609036927144
6.3924953775386637	-2.3008554813059470	-0.6950335047266917
4.8883754180547712	-3.5399487079223437	-3.0055397007649796
7.0503723812855048	1.5221511118740378	1.5709718230703649
6.2734664948630146	3.4363619786418074	0.6076015991533733
6.5684478346321855	2.2626547512608060	5.8324277609120676
4.7726432624791366	2.3331163148399758	6.2362105570804003
5.4709027194124280	3.4258317578250503	6.6075113279902578
10.2162753091660080	-1.6600801166169064	4.0365342191856035
8.5780467075190021	-3.2965338735052763	3.6177075063486206
12.6370236718152570	2.8403833492944073	2.5347449458157429
11.9502195121310550	1.8029706673517574	0.3386515789994373
