2.5389280589521310
2.5506663749335616
2.8951665672210973
2.7236335300623749
0.8184814745130096
0.5941641391456818
1.2623076730446889
3.1080132698768859
3.3478837580016991
1.8007837919653773
2.7702670456844185
2.1334652572608270
2.4755693620287103
2.6210773134266390
2.3508447076363148
1.8685637621500399
3.4325180856073882
2.5450085066233070
3.3484535798076833
0.6690486262731468
2.8919261171736972
2.0077933777770927
3.4141720211626749
1.9071634370709207
3.3475407210324466
2.8737875879746482
1.9457957547063764
2.8502239412712669
2.4003804395439872
2.9635419792266151
3.3608840174532357
2.2469066369682915
2.9300574734560678
2.6787437674479770
3.2546714400088907
2.3276683989742044
2.5085042026522535
3.8711175836550855
1.8899603285969282
2.9541670529771573
2.7911255410049081
